$ILS_v2

$GENERAL
domain = time

$PARAMETERS
ft_exponent_sign = negative
polynomial_order = 1
iris_diameter = 1.15
focal_length = 418
ils_size = 10
igm_interpolation = 2

$DATA
wavenumber = 2568.40
%      OPD    MOD_EFF      PHASE
0.0000E+00  1.000E+00  0.000E+00
7.8947E+00  9.958E-01 -3.349E-03
1.5789E+01  9.863E-01 -3.813E-03
2.3684E+01  9.718E-01 -5.623E-03
3.1579E+01  9.591E-01 -3.342E-03
3.9474E+01  9.542E-01 -1.887E-03
4.7368E+01  9.534E-01 -3.165E-03
5.5263E+01  9.476E-01 -3.867E-03
6.3158E+01  9.426E-01 -2.952E-03
7.1053E+01  9.477E-01 -5.252E-03
7.8947E+01  9.501E-01 -7.999E-03
8.6842E+01  9.524E-01 -9.967E-03
9.4737E+01  9.517E-01 -8.073E-03
1.0263E+02  9.512E-01 -6.411E-03
1.1053E+02  9.514E-01 -6.188E-03
1.1842E+02  9.516E-01 -5.589E-03
1.2632E+02  9.516E-01 -5.589E-03
1.3421E+02  9.516E-01 -5.589E-03
1.4211E+02  9.516E-01 -5.589E-03
1.5000E+02  9.516E-01 -5.589E-03

$DATA
wavenumber = 3479.76
%      OPD    MOD_EFF      PHASE
0.0000E+00  1.000E+00  0.000E+00
7.8947E+00  9.969E-01 -3.566E-03
1.5789E+01  9.871E-01 -7.208E-03
2.3684E+01  9.664E-01 -8.558E-03
3.1579E+01  9.467E-01 -8.099E-03
3.9474E+01  9.387E-01 -5.704E-03
4.7368E+01  9.326E-01 -3.723E-03
5.5263E+01  9.237E-01 -4.659E-03
6.3158E+01  9.116E-01 -2.985E-03
7.1053E+01  9.067E-01 -7.799E-04
7.8947E+01  9.044E-01  1.854E-03
8.6842E+01  9.022E-01  3.742E-03
9.4737E+01  9.029E-01  1.926E-03
1.0263E+02  9.033E-01  3.318E-04
1.1053E+02  9.031E-01  1.179E-04
1.1842E+02  9.029E-01 -4.563E-04
1.2632E+02  9.029E-01 -4.563E-04
1.3421E+02  9.029E-01 -4.563E-04
1.4211E+02  9.029E-01 -4.563E-04
1.5000E+02  9.029E-01 -4.563E-04
